                lat:13.1781071,
                long:30.2400797,